  0        550          0       1470 
  1        550     1.0472       1470 
  2        550     2.0944       1470 
  3        550    3.14159       1470 
  4        550    -2.0944       1470 
  5        550    -1.0472       1470 
  6       1100   0.261799       1470 
  7       1100   0.785398       1470 
  8       1100      1.309       1470 
  9       1100     1.8326       1470 
 10       1100    2.35619       1470 
 11       1100    2.87979       1470 
 12       1100   -2.87979       1470 
 13       1100   -2.35619       1470 
 14       1100    -1.8326       1470 
 15       1100     -1.309       1470 
 16       1100  -0.785398       1470 
 17       1100  -0.261799       1470 
 18       1650          0       1470 
 19       1650   0.349066       1470 
 20       1650   0.698132       1470 
 21       1650     1.0472       1470 
 22       1650    1.39626       1470 
 23       1650    1.74533       1470 
 24       1650     2.0944       1470 
 25       1650    2.44346       1470 
 26       1650    2.79253       1470 
 27       1650    3.14159       1470 
 28       1650   -2.79253       1470 
 29       1650   -2.44346       1470 
 30       1650    -2.0944       1470 
 31       1650   -1.74533       1470 
 32       1650   -1.39626       1470 
 33       1650    -1.0472       1470 
 34       1650  -0.698132       1470 
 35       1650  -0.349066       1470 
 36    1849.04   -3.01069      -1200 
 37    1849.04   -3.01069       -600 
 38    1849.04   -3.01069          0 
 39    1849.04   -3.01069        600 
 40    1849.04   -3.01069       1200 
 41    1849.04   -2.74889      -1200 
 42    1849.04   -2.74889       -600 
 43    1849.04   -2.74889          0 
 44    1849.04   -2.74889        600 
 45    1849.04   -2.74889       1200 
 46    1849.04   -2.48709      -1200 
 47    1849.04   -2.48709       -600 
 48    1849.04   -2.48709          0 
 49    1849.04   -2.48709        600 
 50    1849.04   -2.48709       1200 
 51    1849.04   -2.22529      -1200 
 52    1849.04   -2.22529       -600 
 53    1849.04   -2.22529          0 
 54    1849.04   -2.22529        600 
 55    1849.04   -2.22529       1200 
 56    1849.04    -1.9635      -1200 
 57    1849.04    -1.9635       -600 
 58    1849.04    -1.9635          0 
 59    1849.04    -1.9635        600 
 60    1849.04    -1.9635       1200 
 61    1849.04    -1.7017      -1200 
 62    1849.04    -1.7017       -600 
 63    1849.04    -1.7017          0 
 64    1849.04    -1.7017        600 
 65    1849.04    -1.7017       1200 
 66    1849.04    -1.4399      -1200 
 67    1849.04    -1.4399       -600 
 68    1849.04    -1.4399          0 
 69    1849.04    -1.4399        600 
 70    1849.04    -1.4399       1200 
 71    1849.04    -1.1781      -1200 
 72    1849.04    -1.1781       -600 
 73    1849.04    -1.1781          0 
 74    1849.04    -1.1781        600 
 75    1849.04    -1.1781       1200 
 76    1849.04  -0.916298      -1200 
 77    1849.04  -0.916298       -600 
 78    1849.04  -0.916298          0 
 79    1849.04  -0.916298        600 
 80    1849.04  -0.916298       1200 
 81    1849.04  -0.654498      -1200 
 82    1849.04  -0.654498       -600 
 83    1849.04  -0.654498          0 
 84    1849.04  -0.654498        600 
 85    1849.04  -0.654498       1200 
 86    1849.04  -0.392699      -1200 
 87    1849.04  -0.392699       -600 
 88    1849.04  -0.392699          0 
 89    1849.04  -0.392699        600 
 90    1849.04  -0.392699       1200 
 91    1849.04    -0.1309      -1200 
 92    1849.04    -0.1309       -600 
 93    1849.04    -0.1309          0 
 94    1849.04    -0.1309        600 
 95    1849.04    -0.1309       1200 
 96    1849.04     0.1309      -1200 
 97    1849.04     0.1309       -600 
 98    1849.04     0.1309          0 
 99    1849.04     0.1309        600 
100    1849.04     0.1309       1200 
101    1849.04   0.392699      -1200 
102    1849.04   0.392699       -600 
103    1849.04   0.392699          0 
104    1849.04   0.392699        600 
105    1849.04   0.392699       1200 
106    1849.04   0.654498      -1200 
107    1849.04   0.654498       -600 
108    1849.04   0.654498          0 
109    1849.04   0.654498        600 
110    1849.04   0.654498       1200 
111    1849.04   0.916298      -1200 
112    1849.04   0.916298       -600 
113    1849.04   0.916298          0 
114    1849.04   0.916298        600 
115    1849.04   0.916298       1200 
116    1849.04     1.1781      -1200 
117    1849.04     1.1781       -600 
118    1849.04     1.1781          0 
119    1849.04     1.1781        600 
120    1849.04     1.1781       1200 
121    1849.04     1.4399      -1200 
122    1849.04     1.4399       -600 
123    1849.04     1.4399          0 
124    1849.04     1.4399        600 
125    1849.04     1.4399       1200 
126    1849.04     1.7017      -1200 
127    1849.04     1.7017       -600 
128    1849.04     1.7017          0 
129    1849.04     1.7017        600 
130    1849.04     1.7017       1200 
131    1849.04     1.9635      -1200 
132    1849.04     1.9635       -600 
133    1849.04     1.9635          0 
134    1849.04     1.9635        600 
135    1849.04     1.9635       1200 
136    1849.04    2.22529      -1200 
137    1849.04    2.22529       -600 
138    1849.04    2.22529          0 
139    1849.04    2.22529        600 
140    1849.04    2.22529       1200 
141    1849.04    2.48709      -1200 
142    1849.04    2.48709       -600 
143    1849.04    2.48709          0 
144    1849.04    2.48709        600 
145    1849.04    2.48709       1200 
146    1849.04    2.74889      -1200 
147    1849.04    2.74889       -600 
148    1849.04    2.74889          0 
149    1849.04    2.74889        600 
150    1849.04    2.74889       1200 
151    1849.04    3.01069      -1200 
152    1849.04    3.01069       -600 
153    1849.04    3.01069          0 
154    1849.04    3.01069        600 
155    1849.04    3.01069       1200 
156        550          0      -1470 
157        550     1.0472      -1470 
158        550     2.0944      -1470 
159        550    3.14159      -1470 
160        550    -2.0944      -1470 
161        550    -1.0472      -1470 
162       1100   0.261799      -1470 
163       1100   0.785398      -1470 
164       1100      1.309      -1470 
165       1100     1.8326      -1470 
166       1100    2.35619      -1470 
167       1100    2.87979      -1470 
168       1100   -2.87979      -1470 
169       1100   -2.35619      -1470 
170       1100    -1.8326      -1470 
171       1100     -1.309      -1470 
172       1100  -0.785398      -1470 
173       1100  -0.261799      -1470 
174       1650          0      -1470 
175       1650   0.349066      -1470 
176       1650   0.698132      -1470 
177       1650     1.0472      -1470 
178       1650    1.39626      -1470 
179       1650    1.74533      -1470 
180       1650     2.0944      -1470 
181       1650    2.44346      -1470 
182       1650    2.79253      -1470 
183       1650    3.14159      -1470 
184       1650   -2.79253      -1470 
185       1650   -2.44346      -1470 
186       1650    -2.0944      -1470 
187       1650   -1.74533      -1470 
188       1650   -1.39626      -1470 
189       1650    -1.0472      -1470 
190       1650  -0.698132      -1470 
191       1650  -0.349066      -1470 
